lastAccountName: Point1013
timestamps:
  login: 1598539466013
  lastteleport: 1598540664986
  logout: 1598543136758
ipAddress: 1.200.86.91
nickname: 橘森
lastlocation:
  world: build
  x: -186.9118294637151
  y: 88.74436572127308
  z: -511.70652784735637
  yaw: -183.5368
  pitch: 32.999805
logoutlocation:
  world: build
  x: -196.82307259717788
  y: 77.12672044327286
  z: -250.69999998807907
  yaw: -337.05405
  pitch: 31.649855
