lastAccountName: YingLraft
timestamps:
  login: 1598544281857
  logout: 1598544386045
  lastteleport: 1598542284139
ipAddress: 49.159.73.44
lastlocation:
  world: build
  x: -277.8190630594801
  y: 120.78087420628145
  z: -586.2628807771189
  yaw: -104.23071
  pitch: 33.899914
logoutlocation:
  world: build
  x: -236.78388834058418
  y: 70.0
  z: -561.2092164379774
  yaw: -189.45013
  pitch: 19.649456
nickname: 影凌
afk: false
