lastAccountName: YingLraft
timestamps:
  login: 1594552707731
  logout: 1594552726535
  lastteleport: 1594541091746
ipAddress: 49.159.73.44
lastlocation:
  world: survive_world
  x: -158.13015981869023
  y: 64.0
  z: 160.37585450705154
  yaw: 326.10077
  pitch: 15.900021
logoutlocation:
  world: world
  x: 167.55886045346307
  y: 73.37016231842433
  z: -180.4613660587279
  yaw: -88.95309
  pitch: 90.0
nickname: 影りょう
afk: false
