lastAccountName: YingLraft
timestamps:
  login: 1594537436023
  logout: 1594536640561
  lastteleport: 1594538126439
ipAddress: 49.159.73.44
lastlocation:
  world: world
  x: 181.53305921970733
  y: 107.44881768394464
  z: -157.77913994639673
  yaw: -251.3819
  pitch: 4.4998636
logoutlocation:
  world: world
  x: 170.89379952322633
  y: 75.5
  z: -192.69999998807907
  yaw: -323.77295
  pitch: 19.34968
nickname: 影りょう
