lastAccountName: YingLraft
timestamps:
  login: 1595338774149
  logout: 1595338870887
  lastteleport: 1595338846189
ipAddress: 49.159.73.44
lastlocation:
  world: world_nether
  x: 7.5
  y: 64.0
  z: -33.5
  yaw: -33.599968
  pitch: 32.550102
logoutlocation:
  world: world
  x: 65.36757145292306
  y: 89.15716716256658
  z: -267.5054008437244
  yaw: 91.6483
  pitch: 21.14995
nickname: 影りょう
afk: false
