lastAccountName: joaofernandes09
timestamps:
  login: 1589527225887
  logout: 1589527233490
ipAddress: 127.0.0.1
lastlocation:
  world: world
  x: 153.5
  y: -2.0
  z: -215.5
  yaw: 0.0
  pitch: 0.0
logoutlocation:
  world: world
  x: 152.5
  y: 9.0
  z: -189.5
  yaw: 170.40186
  pitch: 49.350075
