lastAccountName: _FutureForstTw
timestamps:
  login: 1594540791172
  lastteleport: 1594541090452
  logout: 1594542033212
ipAddress: 49.158.192.87
lastlocation:
  world: world
  x: 171.4326361111767
  y: 76.0
  z: -181.29866467466312
  yaw: 87.09802
  pitch: 45.57264
nickname: 秋夜
logoutlocation:
  world: world
  x: 145.97719016025934
  y: 74.36378595999074
  z: -188.14927486241078
  yaw: 351.35425
  pitch: 28.744183
