lastAccountName: DarkNightOwO
timestamps:
  login: 1598538537622
  lastteleport: 1598538665279
  logout: 1598540938631
ipAddress: 1.172.211.62
nickname: 黑夜
lastlocation:
  world: build
  x: -238.80835510322777
  y: 120.77326289973075
  z: -500.8239122244852
  yaw: -262.5369
  pitch: 24.299976
logoutlocation:
  world: build
  x: -194.02191791259966
  y: 74.0
  z: -234.19130330329892
  yaw: 170.88184
  pitch: 31.649866
