lastAccountName: amdYes_intelNO
timestamps:
  login: 1594530133828
  logout: 1594530131063
  lastteleport: 1594430962086
ipAddress: 127.0.0.1
lastlocation:
  world: survive_world
  x: -165.29056394870057
  y: 73.12592044142447
  z: 154.4232778190851
  yaw: 148.94641
  pitch: 37.799675
logoutlocation:
  world: world
  x: 157.18360353197156
  y: 68.0
  z: -186.56657684411812
  yaw: 156.29471
  pitch: 26.24932
homes:
  home:
    world: world
    x: 153.4373183474995
    y: 9.0
    z: -193.4045939514764
    yaw: 165.15158
    pitch: 18.000095
afk: false
money: '3030.8'
