lastAccountName: amdYes_intelNO
timestamps:
  login: 1594431611081
  logout: 1593913943822
  lastteleport: 1594430962086
ipAddress: 127.0.0.1
lastlocation:
  world: survive_world
  x: -165.29056394870057
  y: 73.12592044142447
  z: 154.4232778190851
  yaw: 148.94641
  pitch: 37.799675
logoutlocation:
  world: survive_world
  x: -169.29989137615
  y: 65.0
  z: 158.50481509081993
  yaw: 262.4986
  pitch: 47.700462
homes:
  home:
    world: world
    x: 153.4373183474995
    y: 9.0
    z: -193.4045939514764
    yaw: 165.15158
    pitch: 18.000095
afk: false
money: '3030.8'
