lastlocation:
  world: world
  x: 157.22341093525154
  y: 68.0
  z: -185.3635471585586
  yaw: 249.90208
  pitch: 89.1
lastAccountName: axdvgnk278
timestamps:
  login: 1594537468259
  lastteleport: 1594538129943
  logout: 1594542969743
ipAddress: 36.236.54.145
nickname: ねずこ
logoutlocation:
  world: world
  x: 156.1253115197166
  y: 71.20000004768372
  z: -185.9144252879944
  yaw: -15.365112
  pitch: 36.74999
