lastlocation:
  world: world
  x: 157.22341093525154
  y: 68.0
  z: -185.3635471585586
  yaw: 249.90208
  pitch: 89.1
lastAccountName: axdvgnk278
timestamps:
  login: 1594537468259
  lastteleport: 1594538129943
ipAddress: 36.236.54.145
nickname: ねずこ
