spawns: 
  default: 
    world: world
    x: 258.389936461975
    y: 64.0
    z: -120.49527378959857
    yaw: -167.54892
    pitch: 90.0
