spawns: 
  default: 
    world: world
    x: 157.22341093525154
    y: 68.0
    z: -185.3635471585586
    yaw: 254.70207
    pitch: 90.0
