spawns: 
  default: 
    world: build
    x: -256.47573380427906
    y: 67.9375
    z: -247.65676336428518
    yaw: 1.0099725
    pitch: 1.8002448
