world: shigen
x: -128.5770141882694
y: 78.0
z: -157.2772643766565
yaw: 20.99932
pitch: 85.19998
name: survive
lastowner: db345d89-6f26-450e-96f7-7112da42da62
