world: survive_world
x: -159.8330374781341
y: 64.0
z: 160.22585384011313
yaw: 357.90027
pitch: 59.10001
name: survive
lastowner: db345d89-6f26-450e-96f7-7112da42da62
